{"producer":{"name":"Blender","version":"2.90.1","exporter_version":"6.4.6","file":"Snakeyy.babylon"},
"autoClear":true,"clearColor":[0.0509,0.0509,0.0509],"gravity":[0,-9.81,0],
"materials":[{"name":"Material.Tongue","id":"Material.Tongue","customType":"BABYLON.PBRMaterial","backFaceCulling":true,"checkReadyOnlyOnce":false,"maxSimultaneousLights":4,"environmentIntensity":1,"reflectivity":[0.5,0.5,0.5],"roughness":0.5,"alpha":1,"transparencyMode":0,"alphaCutOff":0.4,"metallic":0, 
"albedoTexture":{"name":"lengua1.jpg","level":1,"hasAlpha":false,"coordinatesMode":0,"uOffset":0,"vOffset":0,"uScale":1,"vScale":1,"uAng":0,"vAng":0,"wAng":0,"wrapU":1,"wrapV":1,"coordinatesIndex":0},"useAlphaFromAlbedoTexture":false},
{"name":"Material.Body","id":"Material.Body","customType":"BABYLON.PBRMaterial","backFaceCulling":true,"checkReadyOnlyOnce":false,"maxSimultaneousLights":4,"environmentIntensity":1,"reflectivity":[0.5,0.5,0.5],"roughness":0.5,"alpha":1,"transparencyMode":0,"alphaCutOff":0.4,"metallic":0, 
"albedoTexture":{"name":"cuerpo.jpg","level":1,"hasAlpha":false,"coordinatesMode":0,"uOffset":0,"vOffset":0,"uScale":1,"vScale":1,"uAng":0,"vAng":0,"wAng":0,"wrapU":1,"wrapV":1,"coordinatesIndex":0},"useAlphaFromAlbedoTexture":false},
{"name":"Material.Eyes","id":"Material.Eyes","customType":"BABYLON.PBRMaterial","backFaceCulling":true,"checkReadyOnlyOnce":false,"maxSimultaneousLights":4,"environmentIntensity":1,"reflectivity":[0.5,0.5,0.5],"roughness":0.5,"alpha":1,"transparencyMode":0,"alphaCutOff":0.4,"metallic":0, 
"albedoTexture":{"name":"ojo.jpg","level":1,"hasAlpha":false,"coordinatesMode":0,"uOffset":0,"vOffset":0,"uScale":1,"vScale":1,"uAng":0,"vAng":0,"wAng":0,"wrapU":1,"wrapV":1,"coordinatesIndex":0},"useAlphaFromAlbedoTexture":false}],
"multiMaterials":[],
"skeletons":[{"name":"Armature","id":0,"dimensionsAtRest":[43.8339,120.6487,5.4629],"bones":[
{"name":"tail","index":0,"matrix":[0.0184,-0.989,-0.1471,0,-0.9932,-0.0012,-0.1162,0,-0.1148,-0.1482,0.9823,0,8.5864,20.6349,1.1916,1],"rest":[0.0184,-0.989,-0.1471,0,-0.9932,-0.0012,-0.1162,0,-0.1148,-0.1482,0.9823,0,8.5864,20.6349,1.1916,1],"parentBoneIndex":-1,"length":6.7211},
{"name":"Circle002","index":1,"matrix":[-0.9996,0.0288,0,0,0.0086,0.2965,-0.955,0,-0.0275,-0.9546,-0.2967,0,0,6.7211,0,1],"rest":[-0.9996,0.0288,0,0,0.0086,0.2965,-0.955,0,-0.0275,-0.9546,-0.2967,0,0,6.7211,0,1],"parentBoneIndex":0,"length":0.01},
{"name":"Bone002","index":2,"matrix":[-1,0,0,0,0,0.2967,-0.955,0,0,-0.955,-0.2967,0,0,0,0,1],"rest":[-1,0,0,0,0,0.2967,-0.955,0,0,-0.955,-0.2967,0,0,0,0,1],"parentBoneIndex":1,"length":6.3308},
{"name":"Circle003","index":3,"matrix":[0,-0.0961,0.9954,0,1,0,0,0,0,0.9954,0.0961,0,0,6.3308,0,1],"rest":[0,-0.0961,0.9954,0,1,0,0,0,0,0.9954,0.0961,0,0,6.3307,0,1],"parentBoneIndex":2,"length":0.01},
{"name":"Bone003","index":4,"matrix":[0,1,0,0,-0.0961,0,0.9954,0,0.9954,0,0.0961,0,0,0,0,1],"rest":[0,1,0,0,-0.0961,0,0.9954,0,0.9954,0,0.0961,0,0,0,0,1],"parentBoneIndex":3,"length":6.9121},
{"name":"Circle004","index":5,"matrix":[-1,0,0,0,0,-0.3131,-0.9497,0,0,-0.9497,0.3131,0,0,6.9121,0,1],"rest":[-1,0,0,0,0,-0.3131,-0.9497,0,0,-0.9497,0.3131,0,0,6.9121,0,1],"parentBoneIndex":4,"length":0.01},
{"name":"Bone004","index":6,"matrix":[-1,0,0,0,0,-0.3131,-0.9497,0,0,-0.9497,0.3131,0,0,0,0,1],"rest":[-1,0,0,0,0,-0.3131,-0.9497,0,0,-0.9497,0.3131,0,0,0,0,1],"parentBoneIndex":5,"length":6.3953},
{"name":"Circle005","index":7,"matrix":[-0.0001,0.4808,0.8768,0,0,0.8768,-0.4808,0,-1,0,0,0,0,6.3953,0,1],"rest":[-0.0001,0.4808,0.8768,0,0,0.8768,-0.4808,0,-1,0,0,0,0,6.3953,0,1],"parentBoneIndex":6,"length":0.01},
{"name":"Bone005","index":8,"matrix":[0.005,0.0092,-0.9999,0,0.4808,0.8768,0.0105,0,0.8768,-0.4808,0,0,0,0,0,1],"rest":[0.005,0.0092,-0.9999,0,0.4808,0.8768,0.0105,0,0.8768,-0.4808,0,0,0,0,0,1],"parentBoneIndex":7,"length":6.1373},
{"name":"Circle006","index":9,"matrix":[-0.9999,0.0104,0,0,0.0036,0.3435,0.9391,0,0.0098,0.9391,-0.3435,0,0,6.1373,0,1],"rest":[-0.9999,0.0104,0,0,0.0036,0.3435,0.9391,0,0.0098,0.9391,-0.3435,0,0,6.1373,0,1],"parentBoneIndex":8,"length":0.01},
{"name":"Bone006","index":10,"matrix":[-0.9999,-0.0042,-0.0116,0,-0.0123,0.3435,0.9391,0,0,0.9391,-0.3435,0,0,0,0,1],"rest":[-0.9999,-0.0042,-0.0116,0,-0.0123,0.3435,0.9391,0,0,0.9391,-0.3435,0,0,0,0,1],"parentBoneIndex":9,"length":5.2976},
{"name":"Circle007","index":11,"matrix":[-0.9999,-0.0122,0,0,-0.0067,0.5483,0.8362,0,-0.0102,0.8362,-0.5484,0,0,5.2976,0,1],"rest":[-0.9999,-0.0122,0,0,-0.0067,0.5483,0.8362,0,-0.0102,0.8362,-0.5484,0,0,5.2976,0,1],"parentBoneIndex":10,"length":0.01},
{"name":"Bone007","index":12,"matrix":[-0.9997,0.0142,0.0217,0,0.026,0.5482,0.836,0,0,0.8362,-0.5484,0,0,0,0,1],"rest":[-0.9997,0.0142,0.0217,0,0.026,0.5482,0.836,0,0,0.8362,-0.5484,0,0,0,0,1],"parentBoneIndex":11,"length":4.9759},
{"name":"Circle008","index":13,"matrix":[0.0101,0.4025,0.9154,0,0.0238,0.9151,-0.4026,0,-0.9997,0.0258,-0.0003,0,0,4.9759,0,1],"rest":[0.0101,0.4025,0.9154,0,0.0238,0.9151,-0.4026,0,-0.9997,0.0258,-0.0003,0,0,4.9759,0,1],"parentBoneIndex":12,"length":0.01},
{"name":"Bone008","index":14,"matrix":[-0.005,-0.0106,-0.9999,0,0.4026,0.9153,-0.0118,0,0.9154,-0.4026,-0.0003,0,0,0,0,1],"rest":[-0.005,-0.0106,-0.9999,0,0.4026,0.9153,-0.0118,0,0.9154,-0.4026,-0.0003,0,0,0,0,1],"parentBoneIndex":13,"length":5.5559},
{"name":"Circle009","index":15,"matrix":[-0.0018,0.1378,0.9905,0,0.0115,-0.9904,0.1378,0,0.9999,0.0116,0.0002,0,0,5.5559,0,1],"rest":[-0.0018,0.1378,0.9905,0,0.0115,-0.9904,0.1378,0,0.9999,0.0116,0.0002,0,0,5.5559,0,1],"parentBoneIndex":14,"length":0.01},
{"name":"Bone009","index":16,"matrix":[0.001,-0.0081,1,0,0.1378,-0.9904,-0.0082,0,0.9905,0.1378,0.0001,0,0,0,0,1],"rest":[0.001,-0.0081,1,0,0.1378,-0.9904,-0.0082,0,0.9905,0.1378,0.0002,0,0,0,0,1],"parentBoneIndex":15,"length":7.8817},
{"name":"Circle010","index":17,"matrix":[-0.0039,-0.4784,0.8782,0,0.0072,0.8781,0.4784,0,-1,0.0082,0,0,0,7.8817,0,1],"rest":[-0.0039,-0.4784,0.8782,0,0.0072,0.8781,0.4784,0,-1,0.0082,0,0,0,7.8817,0,1],"parentBoneIndex":16,"length":0.01},
{"name":"Bone010","index":18,"matrix":[-0.0103,0.0189,-0.9998,0,-0.4783,0.878,0.0215,0,0.8782,0.4784,0,0,0,0,0,1],"rest":[-0.0103,0.0189,-0.9998,0,-0.4783,0.878,0.0215,0,0.8782,0.4784,0,0,0,0,0,1],"parentBoneIndex":17,"length":6.0089},
{"name":"Circle011","index":19,"matrix":[-0.0114,-0.5568,0.8305,0,-0.0179,-0.8303,-0.557,0,0.9998,-0.0212,-0.0005,0,0,6.0089,0,1],"rest":[-0.0114,-0.5568,0.8305,0,-0.0179,-0.8303,-0.557,0,0.9998,-0.0212,-0.0005,0,0,6.0089,0,1],"parentBoneIndex":18,"length":0.01},
{"name":"Bone011","index":20,"matrix":[-0.021,-0.0322,0.9993,0,-0.5566,-0.8299,-0.0384,0,0.8305,-0.557,-0.0005,0,0,0,0,1],"rest":[-0.021,-0.0322,0.9993,0,-0.5566,-0.8299,-0.0384,0,0.8305,-0.557,-0.0005,0,0,0,0,1],"parentBoneIndex":19,"length":8.3396},
{"name":"Circle012","index":21,"matrix":[-0.0208,-0.5365,0.8436,0,0.0327,0.843,0.5369,0,-0.9992,0.0387,0,0,0,8.3396,0,1],"rest":[-0.0208,-0.5365,0.8436,0,0.0327,0.843,0.5369,0,-0.9992,0.0387,0,0,0,8.3396,0,1],"parentBoneIndex":20,"length":0.01},
{"name":"Bone012","index":22,"matrix":[-0.027,0.0425,-0.9987,0,-0.5362,0.8426,0.0504,0,0.8436,0.5369,0,0,0,0,0,1],"rest":[-0.027,0.0425,-0.9987,0,-0.5362,0.8426,0.0504,0,0.8436,0.5369,0,0,0,0,0,1],"parentBoneIndex":21,"length":7.6971},
{"name":"Circle013","index":23,"matrix":[-0.9987,0.0505,0.0001,0,0.0215,0.4271,-0.9039,0,-0.0457,-0.9028,-0.4277,0,0,7.6971,0,1],"rest":[-0.9987,0.0505,0.0001,0,0.0215,0.4271,-0.9039,0,-0.0457,-0.9028,-0.4277,0,0,7.6971,0,1],"parentBoneIndex":22,"length":0.01},
{"name":"Bone013","index":24,"matrix":[-1,0,-0.0002,0,0.0002,0.4277,-0.9039,0,0.0001,-0.9039,-0.4277,0,0,0,0,1],"rest":[-1,0,-0.0002,0,0.0002,0.4277,-0.9039,0,0.0001,-0.9039,-0.4277,0,0,0,0,1],"parentBoneIndex":23,"length":5.7494},
{"name":"Circle014","index":25,"matrix":[0,-0.4093,0.9124,0,0,-0.9124,-0.4093,0,1,0,0,0,0,5.7493,0,1],"rest":[0,-0.4093,0.9124,0,0,-0.9124,-0.4093,0,1,0,0,0,0,5.7494,0,1],"parentBoneIndex":24,"length":0.01},
{"name":"Bone014","index":26,"matrix":[-0.0129,-0.0287,0.9995,0,-0.4091,-0.912,-0.0315,0,0.9124,-0.4093,0,0,0,0,0,1],"rest":[-0.0129,-0.0287,0.9995,0,-0.4091,-0.912,-0.0315,0,0.9124,-0.4093,0,0,0,0,0,1],"parentBoneIndex":25,"length":8.2082},
{"name":"Circle015","index":27,"matrix":[-0.9995,0.0318,0.0001,0,-0.0125,-0.3968,0.9178,0,0.0292,0.9174,0.397,0,0,8.2082,0,1],"rest":[-0.9995,0.0318,0.0001,0,-0.0125,-0.3968,0.9178,0,0.0292,0.9174,0.397,0,0,8.2082,0,1],"parentBoneIndex":26,"length":0.01},
{"name":"Bone015","index":28,"matrix":[-0.9999,-0.0046,0.0109,0,0.0118,-0.397,0.9178,0,0.0001,0.9178,0.397,0,0,0,0,1],"rest":[-0.9999,-0.0046,0.0109,0,0.0118,-0.397,0.9178,0,0.0001,0.9178,0.397,0,0,0,0,1],"parentBoneIndex":27,"length":5.6206},
{"name":"Circle016","index":29,"matrix":[0,0.0092,1,0,-0.0115,-0.9999,0.0092,0,1,-0.0115,0.0001,0,0,5.6206,0,1],"rest":[0.0001,0.0092,1,0,-0.0115,-0.9999,0.0092,0,0.9999,-0.0115,0.0001,0,0,5.6206,0,1],"parentBoneIndex":28,"length":0.01},
{"name":"Bone016","index":30,"matrix":[0.0003,-0.0258,0.9996,0,0.0092,-0.9996,-0.0258,0,0.9998,0.0092,0.0001,0,0,0,0,1],"rest":[0.0002,-0.0259,0.9997,0,0.0092,-0.9996,-0.0259,0,1,0.0092,0.0001,0,0,0,0,1],"parentBoneIndex":29,"length":7.4959},
{"name":"Circle017","index":31,"matrix":[0.0061,0.5253,0.8509,0,0.0266,0.8505,-0.5252,0,-0.9996,0.0258,-0.0087,0,0,7.4959,0,1],"rest":[0.0061,0.5252,0.8509,0,0.0266,0.8506,-0.5252,0,-0.9996,0.0258,-0.0088,0,0,7.4959,0,1],"parentBoneIndex":30,"length":0.01},
{"name":"Bone017","index":32,"matrix":[-0.0059,-0.0094,-0.9999,0,0.5252,0.8509,-0.0111,0,0.8509,-0.5253,-0.0001,0,0,0,0,1],"rest":[-0.0059,-0.0094,-0.9999,0,0.5252,0.8509,-0.0111,0,0.851,-0.5252,0,0,0,0,0,1],"parentBoneIndex":31,"length":5.8145},
{"name":"Circle018","index":33,"matrix":[-0.9999,-0.0107,-0.0002,0,-0.004,0.3578,0.9338,0,-0.01,0.9337,-0.3578,0,0,5.8144,0,1],"rest":[-0.9999,-0.0107,-0.0001,0,-0.004,0.3578,0.9338,0,-0.01,0.9337,-0.3578,0,0,5.8144,0,1],"parentBoneIndex":32,"length":0.01},
{"name":"neck","index":34,"matrix":[-0.9999,0.0036,0.0096,0,0.0103,0.3578,0.9338,0,-0.0001,0.9338,-0.3578,0,0,0,0,1],"rest":[-0.9999,0.0036,0.0096,0,0.0103,0.3578,0.9337,0,-0.0001,0.9338,-0.3578,0,0,0,0,1],"parentBoneIndex":33,"length":6.5249},
{"name":"Circle019","index":35,"matrix":[0.1861,0.4489,0.874,0,0.1353,-0.8928,0.4297,0,0.9732,0.0383,-0.2269,0,0,6.5248,0,1],"rest":[0.1862,0.4489,0.874,0,0.1354,-0.8928,0.4297,0,0.9732,0.0383,-0.227,0,0,6.5249,0,1],"parentBoneIndex":34,"length":0.01},
{"name":"headUp","index":36,"matrix":[0.1175,0.2429,0.9629,0,0.477,-0.8642,0.1597,0,0.871,0.4406,-0.2174,0,0,0,0,1],"rest":[0.1177,0.2429,0.9629,0,0.477,-0.8643,0.1597,0,0.871,0.4405,-0.2176,0,0,0,0,1],"parentBoneIndex":35,"length":6.4265},
{"name":"Circle021","index":37,"matrix":[-0.993,-0.1175,-0.0102,0,0.0114,-0.0093,-0.9999,0,0.1174,-0.993,0.0106,0,2.1095,5.0724,-0.0232,1],"rest":[-0.993,-0.1175,-0.0101,0,0.0113,-0.0094,-0.9999,0,0.1174,-0.993,0.0106,0,2.1096,5.0725,-0.0233,1],"parentBoneIndex":36,"length":0.01},
{"name":"tongueBone","index":38,"matrix":[-0.9808,0,0.1951,0,-0.1951,0,-0.9808,0,0,-1,0.0001,0,0,0,0,1],"rest":[-0.9808,0,0.1951,0,-0.1951,-0.0001,-0.9808,0,0,-1,0.0001,0,0,0,0,1],"parentBoneIndex":37,"length":6.0431},
{"name":"Circle022","index":39,"matrix":[0.0008,-0.0005,-1,0,-0.1951,0.9808,-0.0007,0,0.9808,0.1951,0.0007,0,0,6.0431,0,1],"rest":[0.0008,-0.0005,-1,0,-0.1951,0.9808,-0.0007,0,0.9808,0.1951,0.0007,0,0,6.0431,0,1],"parentBoneIndex":38,"length":0.01},
{"name":"Bone023","index":40,"matrix":[-0.0003,0.9052,0.4251,0,1,0.0006,-0.0007,0,-0.0009,0.4251,-0.9052,0,0,0,0,1],"rest":[-0.0003,0.9052,0.4251,0,1,0.0006,-0.0007,0,-0.0009,0.4251,-0.9052,0,0,0,0,1],"parentBoneIndex":39,"length":0.01},
{"name":"Circle023","index":41,"matrix":[-0.9931,-0.1175,-0.0015,0,0.0058,-0.0364,-0.9993,0,0.1173,-0.9924,0.0368,0,-2.1095,7.7805,0.0232,1],"rest":[-0.9931,-0.1175,-0.0014,0,0.0057,-0.0364,-0.9993,0,0.1173,-0.9924,0.0368,0,-2.1096,7.7805,0.0233,1],"parentBoneIndex":36,"length":0.01},
{"name":"Bone024","index":42,"matrix":[-0.0001,0.999,-0.0455,0,-0.0001,-0.0455,-0.999,0,-1,-0.0001,0.0001,0,0,0,0,1],"rest":[-0.0001,0.999,-0.0455,0,-0.0001,-0.0455,-0.999,0,-1,-0.0001,0.0001,0,0,0,0,1],"parentBoneIndex":41,"length":0.01},
{"name":"headDown","index":43,"matrix":[-0.3378,0.8729,0.352,0,0.3493,-0.231,0.9081,0,0.874,0.4297,-0.2269,0,0,0,0,1],"rest":[-0.3378,0.8729,0.352,0,0.3494,-0.231,0.9081,0,0.874,0.4297,-0.227,0,0,0,0,1],"parentBoneIndex":35,"length":4.6867},
{"name":"Circle020","index":44,"matrix":[0,0.0001,-1,0,-0.9135,0.4069,0,0,0.4069,0.9135,0.0001,0,0,4.6866,0,1],"rest":[0.0001,0,-1,0,-0.9135,0.4069,-0.0001,0,0.4069,0.9135,0.0001,0,0,4.6867,0,1],"parentBoneIndex":43,"length":0.01},
{"name":"Bone021","index":45,"matrix":[0,0.9918,0.1279,0,1,0,-0.0001,0,-0.0001,0.1279,-0.9918,0,0,0,0,1],"rest":[0,0.9918,0.1279,0,1,0,-0.0001,0,-0.0001,0.1279,-0.9918,0,0,0,0,1],"parentBoneIndex":44,"length":0.01}]}],
"meshes":[{"name":"Circle022","id":"Circle022","position":[0,0,-0.01],"rotation":[1.5708,0,0],"scaling":[1,1,1],"isVisible":false,"isEnabled":true,"checkCollisions":false,"billboardMode":0,"receiveShadows":false,"tags":""},{"name":"Circle021","id":"Circle021","position":[0,0,-0.01],"rotation":[3.1416,-1.5708,0],"scaling":[1,1,1],"isVisible":false,"isEnabled":true,"checkCollisions":false,"billboardMode":0,"receiveShadows":false,"tags":""},{"name":"Circle023","id":"Circle023","position":[0,0,-0.01],"rotation":[3.1416,-1.5708,0],"scaling":[1,1,1],"isVisible":false,"isEnabled":true,"checkCollisions":false,"billboardMode":0,"receiveShadows":false,"tags":""},{"name":"Circle020","id":"Circle020","position":[0,0,-0.01],"rotation":[1.5708,0,0],"scaling":[1,1,1],"isVisible":false,"isEnabled":true,"checkCollisions":false,"billboardMode":0,"receiveShadows":false,"tags":""},{"name":"Circle019","id":"Circle019","position":[0,0,-0.01],"rotation":[1.5708,0,0],"scaling":[1,1,1],"isVisible":false,"isEnabled":true,"checkCollisions":false,"billboardMode":0,"receiveShadows":false,"tags":""},{"name":"Circle018","id":"Circle018","position":[0,0,-0.01],"rotation":[3.1416,-1.5708,0],"scaling":[1,1,1],"isVisible":false,"isEnabled":true,"checkCollisions":false,"billboardMode":0,"receiveShadows":false,"tags":""},{"name":"Circle017","id":"Circle017","position":[0,0,-0.01],"rotation":[-1.5708,0,0],"scaling":[1,1,1],"isVisible":false,"isEnabled":true,"checkCollisions":false,"billboardMode":0,"receiveShadows":false,"tags":""},{"name":"Circle016","id":"Circle016","position":[0,0,-0.01],"rotation":[1.5708,0,0],"scaling":[1,1,1],"isVisible":false,"isEnabled":true,"checkCollisions":false,"billboardMode":0,"receiveShadows":false,"tags":""},{"name":"Circle015","id":"Circle015","position":[0,0,-0.01],"rotation":[3.1416,-1.5708,0],"scaling":[1,1,1],"isVisible":false,"isEnabled":true,"checkCollisions":false,"billboardMode":0,"receiveShadows":false,"tags":""},{"name":"Circle014","id":"Circle014","position":[0,0,-0.01],"rotation":[1.5708,0,0],"scaling":[1,1,1],"isVisible":false,"isEnabled":true,"checkCollisions":false,"billboardMode":0,"receiveShadows":false,"tags":""},{"name":"Circle013","id":"Circle013","position":[0,0,-0.01],"rotation":[0,1.5708,0],"scaling":[1,1,1],"isVisible":false,"isEnabled":true,"checkCollisions":false,"billboardMode":0,"receiveShadows":false,"tags":""},{"name":"Circle012","id":"Circle012","position":[0,0,-0.01],"rotation":[-1.5708,0,0],"scaling":[1,1,1],"isVisible":false,"isEnabled":true,"checkCollisions":false,"billboardMode":0,"receiveShadows":false,"tags":""},{"name":"Circle011","id":"Circle011","position":[0,0,-0.01],"rotation":[1.5708,0,0],"scaling":[1,1,1],"isVisible":false,"isEnabled":true,"checkCollisions":false,"billboardMode":0,"receiveShadows":false,"tags":""},{"name":"Circle010","id":"Circle010","position":[0,0,-0.01],"rotation":[-1.5708,0,0],"scaling":[1,1,1],"isVisible":false,"isEnabled":true,"checkCollisions":false,"billboardMode":0,"receiveShadows":false,"tags":""},{"name":"Circle009","id":"Circle009","position":[0,0,-0.01],"rotation":[1.5708,0,0],"scaling":[1,1,1],"isVisible":false,"isEnabled":true,"checkCollisions":false,"billboardMode":0,"receiveShadows":false,"tags":""},{"name":"Circle008","id":"Circle008","position":[0,0,-0.01],"rotation":[-1.5708,0,0],"scaling":[1,1,1],"isVisible":false,"isEnabled":true,"checkCollisions":false,"billboardMode":0,"receiveShadows":false,"tags":""},{"name":"Circle007","id":"Circle007","position":[0,0,-0.01],"rotation":[3.1416,-1.5708,0],"scaling":[1,1,1],"isVisible":false,"isEnabled":true,"checkCollisions":false,"billboardMode":0,"receiveShadows":false,"tags":""},{"name":"Circle006","id":"Circle006","position":[0,0,-0.01],"rotation":[3.1416,-1.5708,0],"scaling":[1,1,1],"isVisible":false,"isEnabled":true,"checkCollisions":false,"billboardMode":0,"receiveShadows":false,"tags":""},{"name":"Circle005","id":"Circle005","position":[0,0,-0.01],"rotation":[-1.5708,0,0],"scaling":[1,1,1],"isVisible":false,"isEnabled":true,"checkCollisions":false,"billboardMode":0,"receiveShadows":false,"tags":""},{"name":"Circle004","id":"Circle004","position":[0,0,-0.01],"rotation":[0,1.5708,0],"scaling":[1,1,1],"isVisible":false,"isEnabled":true,"checkCollisions":false,"billboardMode":0,"receiveShadows":false,"tags":""},{"name":"Circle003","id":"Circle003","position":[0,0,-0.01],"rotation":[3.1416,0,0],"scaling":[1,1,1],"isVisible":false,"isEnabled":true,"checkCollisions":false,"billboardMode":0,"receiveShadows":false,"tags":""},{"name":"Circle002","id":"Circle002","position":[0,0,-0.01],"rotation":[0,1.5708,0],"scaling":[1,1,1],"isVisible":false,"isEnabled":true,"checkCollisions":false,"billboardMode":0,"receiveShadows":false,"tags":""},{"name":"tongue","id":"tongue","materialId":"Material.Tongue","billboardMode":0,"position":[-37.676,-103.6319,0.3083],"rotation":[-0.0037,0.0107,2.7929],"scaling":[39.3701,39.3701,39.3701],"isVisible":true,"freezeWorldMatrix":false,"isEnabled":true,"checkCollisions":false,"receiveShadows":false,"pickable":true,"tags":""
,"positions":[-0.007,0.0924,-0.0361,-0.0082,0.0948,-0.0366,-0.0096,0.0945,-0.0354,-0.0077,0.0917,-0.0349,-0.0054,0.09,-0.0347,-0.0053,0.0916,-0.0365,-0.0061,0.0948,-0.0375,-0.0082,0.0939,-0.027,-0.0088,0.093,-0.0282,-0.0104,0.0957,-0.0284,-0.009,0.0962,-0.0269,-0.0068,0.0962,-0.0258,-0.0064,0.0931,-0.0264,-0.0064,0.0911,-0.0277,-0.0028,0.2546,-0.074,0,0.2547,-0.074,0,0.2569,-0.0747
,-0.0037,0.2571,-0.0751,0,0.251,-0.0724,-0.0051,0.2515,-0.0725,-0.0075,0.2554,-0.0744,-0.0026,0.2616,-0.0715,0,0.2604,-0.0711,0,0.2593,-0.0684,-0.0041,0.2608,-0.0682,-0.0069,0.2648,-0.0708,-0.005,0.2644,-0.0729,-0.0083,0.2613,-0.0654,-0.01,0.2651,-0.0686,-0.0195,0.3115,-0.0949,-0.0196,0.3124,-0.094,-0.0205,0.3113,-0.0942,-0.0202,0.3109,-0.0949,-0.0204,0.3095,-0.0955
,-0.0194,0.3099,-0.0959,-0.0211,0.3095,-0.0947,-0.0167,0.313,-0.0935,-0.0176,0.3133,-0.0932,-0.0177,0.3129,-0.0941,-0.017,0.3128,-0.0941,-0.0166,0.3121,-0.0948,-0.016,0.3122,-0.0942,-0.0175,0.312,-0.095,-0.016,0.3109,-0.0924,-0.0157,0.3096,-0.0927,-0.0165,0.3095,-0.0921,-0.0166,0.3111,-0.092,-0.0157,0.3114,-0.0928,-0.0152,0.3098,-0.0935,-0.0165,0.3122,-0.0921,-0.02,0.3108,-0.0913
,-0.0203,0.3091,-0.0912,-0.0212,0.3094,-0.0917,-0.0204,0.3113,-0.0916,-0.0194,0.3122,-0.0916,-0.0192,0.3111,-0.0913,-0.0194,0.3092,-0.0911,0,0.0947,-0.0383,-0.0033,0.0947,-0.0381,-0.0028,0.091,-0.0366,0,0.0906,-0.0365,-0.0027,0.089,-0.0345,0,0.0886,-0.0344,0,0.0917,-0.0255,0,0.0895,-0.027,-0.0032,0.0899,-0.0272,-0.0034,0.0922,-0.0257,-0.0036,0.0959,-0.025
,0,0.0957,-0.0246,-0.0021,0.2614,-0.0731,0,0.2605,-0.0727,-0.0019,0.2611,-0.0741,0,0.2602,-0.0737,-0.0018,0.2605,-0.0749,0,0.2597,-0.0743,-0.002,0.2597,-0.0753,0,0.2591,-0.0747,-0.002,0.2597,-0.0753,-0.0024,0.2588,-0.0754,0,0.2582,-0.0748,0,0.2591,-0.0747,-0.002,0.2597,-0.0753,-0.0044,0.2619,-0.0769,-0.0053,0.2611,-0.0771,-0.002,0.2597,-0.0753
,-0.0067,0.2601,-0.077,-0.0079,0.2643,-0.0793,-0.0094,0.2634,-0.0793,-0.0118,0.2627,-0.0787,-0.0095,0.259,-0.0764,-0.015,0.2622,-0.0774,-0.0132,0.2585,-0.075,-0.0117,0.2546,-0.0728,-0.0104,0.2506,-0.0707,-0.0163,0.2586,-0.0734,-0.015,0.2546,-0.0711,-0.0137,0.2506,-0.0691,-0.0096,0.2463,-0.0687,-0.0126,0.2464,-0.0672,-0.0168,0.255,-0.0697,-0.0154,0.2508,-0.0677,-0.0141,0.2467,-0.0658
,-0.013,0.2424,-0.0641,-0.0117,0.2421,-0.0653,-0.0162,0.2514,-0.0662,-0.0149,0.2471,-0.0644,-0.0136,0.2428,-0.0629,-0.0127,0.2383,-0.0613,-0.0121,0.238,-0.0623,-0.0149,0.2471,-0.0644,-0.0151,0.2477,-0.0629,-0.0137,0.2433,-0.0616,-0.0136,0.2428,-0.0629,-0.0149,0.2471,-0.0644,-0.0136,0.2428,-0.0629,-0.0128,0.2388,-0.0601,-0.0127,0.2383,-0.0613,-0.0136,0.2428,-0.0629,-0.0122,0.2342,-0.0585
,-0.012,0.2338,-0.0596,-0.0127,0.2383,-0.0613,-0.0127,0.2383,-0.0613,-0.0132,0.2439,-0.0605,-0.0125,0.2393,-0.0591,-0.0119,0.2347,-0.0575,-0.0116,0.2299,-0.056,-0.0118,0.2295,-0.057,-0.0115,0.2399,-0.058,-0.0111,0.2352,-0.0565,-0.0109,0.2303,-0.055,-0.0108,0.2254,-0.0536,-0.0114,0.2251,-0.0546,-0.0096,0.2358,-0.0553,-0.0097,0.2308,-0.0538,-0.0097,0.2259,-0.0525,-0.0098,0.221,-0.0511
,-0.0108,0.2206,-0.0522,-0.0075,0.2315,-0.0526,-0.0077,0.2264,-0.0512,-0.0078,0.2214,-0.0499,-0.0079,0.2164,-0.0485,-0.0098,0.216,-0.0498,-0.0044,0.227,-0.0504,-0.0045,0.2219,-0.0488,-0.0045,0.2169,-0.0475,-0.0045,0.2118,-0.0464,-0.008,0.2115,-0.0474,0,0.2222,-0.0485,0,0.217,-0.0471,0,0.212,-0.046,-0.0045,0.2069,-0.045,0,0.207,-0.0448,-0.0043,0.2019,-0.0439
,-0.0076,0.2016,-0.045,-0.0078,0.2065,-0.0463,0,0.202,-0.0436,0,0.197,-0.0421,-0.0043,0.197,-0.0423,-0.0042,0.192,-0.041,-0.0074,0.1918,-0.0419,-0.0074,0.1967,-0.0436,0,0.192,-0.0408,0,0.1869,-0.0396,-0.0042,0.1869,-0.0397,-0.0075,0.1816,-0.0399,-0.0073,0.1867,-0.0409,-0.0042,0.1817,-0.0389,0,0.1818,-0.0381,-0.0044,0.1765,-0.0381,0,0.1766,-0.0373
,-0.0079,0.1714,-0.038,-0.0077,0.1765,-0.039,-0.0045,0.1714,-0.0371,0,0.1714,-0.037,0,0.1663,-0.0361,-0.0046,0.1663,-0.0365,-0.0047,0.1613,-0.0353,-0.008,0.1612,-0.0363,-0.0081,0.1663,-0.0371,0,0.1613,-0.0354,0,0.1563,-0.0344,-0.0046,0.1563,-0.0345,-0.0044,0.1512,-0.0335,-0.0077,0.1511,-0.0342,-0.0078,0.1561,-0.0353,0,0.1513,-0.033,0,0.1461,-0.0323
,-0.0043,0.146,-0.0327,-0.0074,0.1408,-0.0326,-0.0074,0.1459,-0.0334,-0.0043,0.1409,-0.0317,0,0.1408,-0.0316,0,0.1356,-0.0312,-0.0043,0.1357,-0.0314,-0.0044,0.1306,-0.0306,-0.0076,0.1306,-0.0311,-0.0076,0.1357,-0.0319,0,0.1305,-0.0305,0,0.1254,-0.0297,-0.0045,0.1255,-0.0295,-0.0044,0.1204,-0.0291,-0.0075,0.1203,-0.0295,-0.0076,0.1255,-0.0302,0,0.1204,-0.0288
,0,0.1153,-0.0283,-0.0044,0.1153,-0.0282,-0.0044,0.1102,-0.0277,-0.0075,0.1101,-0.0281,-0.0075,0.1152,-0.0287,0,0.1103,-0.0277,0,0.1054,-0.0265,-0.0044,0.1053,-0.0266,-0.004,0.1004,-0.0255,-0.0073,0.1002,-0.0263,-0.0077,0.105,-0.0269,0,0.1005,-0.0252,-0.0095,0.0999,-0.0274,-0.0098,0.1048,-0.028,-0.0097,0.1099,-0.029,-0.0111,0.1045,-0.0298,-0.011,0.1096,-0.0307
,-0.011,0.1147,-0.0316,-0.0095,0.115,-0.03,-0.011,0.1199,-0.0321,-0.0096,0.1201,-0.0306,-0.011,0.1252,-0.0328,-0.0096,0.1254,-0.0313,-0.0109,0.1304,-0.0336,-0.0097,0.1305,-0.0321,-0.0108,0.1354,-0.0344,-0.0096,0.1356,-0.033,-0.0106,0.1405,-0.0352,-0.0094,0.1406,-0.0339,-0.0106,0.1455,-0.0357,-0.0094,0.1457,-0.0345,-0.0107,0.1506,-0.0364,-0.0095,0.1508,-0.0352,-0.0108,0.1557,-0.0373
,-0.0097,0.1559,-0.0362,-0.011,0.1609,-0.0383,-0.0099,0.1611,-0.0372,-0.0109,0.166,-0.0393,-0.0099,0.1662,-0.0383,-0.0108,0.1711,-0.0404,-0.0098,0.1712,-0.0393,-0.0107,0.1762,-0.0412,-0.0096,0.1763,-0.0402,-0.0104,0.1812,-0.0422,-0.0094,0.1814,-0.0411,-0.0104,0.1862,-0.0434,-0.0093,0.1865,-0.0423,-0.0104,0.1912,-0.0446,-0.0093,0.1915,-0.0435,-0.0104,0.1961,-0.0459,-0.0094,0.1964,-0.0448
,-0.0104,0.201,-0.0472,-0.0094,0.2013,-0.0462,-0.0105,0.2059,-0.0483,-0.0096,0.2062,-0.0474,-0.0106,0.2109,-0.0495,-0.0097,0.2111,-0.0486,-0.0107,0.2158,-0.0508,-0.0111,0.2106,-0.0504,-0.0112,0.2155,-0.0517,-0.0113,0.2203,-0.0532,-0.0114,0.2152,-0.0527,-0.0115,0.22,-0.0542,-0.0116,0.2248,-0.0556,-0.0113,0.2197,-0.0551,-0.0114,0.2245,-0.0566,-0.0116,0.2292,-0.0581,-0.0114,0.2245,-0.0566
,-0.0108,0.2242,-0.0574,-0.011,0.2289,-0.059,-0.0116,0.2292,-0.0581,-0.0114,0.2245,-0.0566,-0.0116,0.2292,-0.0581,-0.0114,0.2335,-0.0606,-0.012,0.2338,-0.0596,-0.0116,0.2292,-0.0581,-0.01,0.2286,-0.0597,-0.0104,0.2332,-0.0615,-0.0109,0.2377,-0.0634,-0.012,0.2338,-0.0596,-0.012,0.2338,-0.0596,-0.0084,0.233,-0.0624,-0.0087,0.2375,-0.0645,-0.0091,0.2419,-0.0666,-0.0048,0.2374,-0.0653
,-0.0049,0.2419,-0.0675,-0.005,0.2464,-0.0698,0,0.2418,-0.0678,0,0.2464,-0.0702,0,0.2374,-0.0655,-0.0048,0.2329,-0.0631,0,0.2328,-0.0634,-0.0048,0.2283,-0.061,0,0.2283,-0.0614,-0.0048,0.2237,-0.0592,0,0.2237,-0.0596,-0.0047,0.219,-0.0577,0,0.219,-0.0581,-0.0047,0.2143,-0.0564,0,0.2143,-0.0567,-0.0046,0.2095,-0.0551,0,0.2095,-0.0555
,-0.0046,0.2047,-0.054,0,0.2046,-0.0544,-0.0045,0.1997,-0.053,0,0.1997,-0.0533,-0.0045,0.1947,-0.0519,0,0.1947,-0.0522,-0.0045,0.1898,-0.0508,0,0.1897,-0.0511,-0.0045,0.1848,-0.0496,0,0.1847,-0.0499,-0.0045,0.1798,-0.0486,0,0.1797,-0.0489,-0.0045,0.1748,-0.0477,0,0.1747,-0.0479,-0.0046,0.1698,-0.0469,0,0.1697,-0.0471,-0.0046,0.1647,-0.0461
,0,0.1647,-0.0464,-0.0046,0.1597,-0.0453,0,0.1596,-0.0456,-0.0046,0.1547,-0.0444,0,0.1546,-0.0447,-0.0045,0.1496,-0.0436,0,0.1496,-0.0439,-0.0045,0.1445,-0.0429,0,0.1445,-0.0432,-0.0045,0.1394,-0.0423,0,0.1393,-0.0426,-0.0046,0.1343,-0.0416,0,0.1342,-0.0419,-0.0047,0.1292,-0.0409,0,0.1291,-0.0412,-0.0048,0.1242,-0.0402,0,0.1241,-0.0404
,-0.0049,0.1192,-0.0396,0,0.1192,-0.0399,-0.0048,0.1141,-0.0393,0,0.1142,-0.0396,-0.0047,0.1091,-0.039,0,0.1093,-0.0394,-0.0045,0.1041,-0.0388,0,0.1043,-0.0392,-0.004,0.0993,-0.0386,0,0.0994,-0.039,-0.008,0.1038,-0.0379,-0.0073,0.0989,-0.0378,-0.0102,0.1036,-0.0369,-0.0095,0.0987,-0.0368,-0.0114,0.1036,-0.0358,-0.0109,0.0986,-0.0356,-0.0121,0.1036,-0.0345
,-0.0117,0.0986,-0.0341,-0.0106,0.0944,-0.0337,-0.0087,0.0913,-0.0332,-0.0117,0.0986,-0.0341,-0.012,0.0987,-0.0324,-0.0111,0.0946,-0.0319,-0.0106,0.0944,-0.0337,-0.0117,0.0986,-0.0341,-0.0106,0.0944,-0.0337,-0.0092,0.0915,-0.0315,-0.0087,0.0913,-0.0332,-0.0106,0.0944,-0.0337,-0.0063,0.0894,-0.031,-0.0059,0.0894,-0.0327,-0.0087,0.0913,-0.0332,-0.0087,0.0913,-0.0332,-0.0111,0.0951,-0.0301
,-0.0092,0.0921,-0.0298,-0.0064,0.09,-0.0294,-0.0031,0.0887,-0.029,-0.003,0.0882,-0.0307,0,0.0878,-0.0307,0,0.0879,-0.0324,-0.0029,0.0883,-0.0325,0,0.0883,-0.0289,-0.0029,0.0883,-0.0325,0,0.0879,-0.0324,-0.0029,0.0883,-0.0325,-0.0059,0.0894,-0.0327,-0.0059,0.0894,-0.0327,-0.0029,0.0883,-0.0325,-0.0118,0.0991,-0.0306,-0.011,0.0995,-0.0289,-0.012,0.1041,-0.0315
,-0.0123,0.1038,-0.033,-0.0122,0.1092,-0.0338,-0.0119,0.1094,-0.0324,-0.0121,0.1144,-0.0344,-0.0119,0.1145,-0.033,-0.0122,0.1196,-0.035,-0.0119,0.1198,-0.0336,-0.0122,0.1249,-0.0356,-0.0118,0.125,-0.0342,-0.0119,0.13,-0.0363,-0.0117,0.1302,-0.0349,-0.0117,0.1351,-0.037,-0.0114,0.1353,-0.0357,-0.0115,0.1402,-0.0377,-0.0113,0.1403,-0.0364,-0.0114,0.1452,-0.0383,-0.0112,0.1454,-0.037
,-0.0115,0.1502,-0.039,-0.0113,0.1504,-0.0377,-0.0116,0.1553,-0.0397,-0.0114,0.1555,-0.0385,-0.0117,0.1604,-0.0406,-0.0116,0.1606,-0.0394,-0.0117,0.1656,-0.0416,-0.0115,0.1658,-0.0405,-0.0115,0.1707,-0.0426,-0.0113,0.1709,-0.0415,-0.0113,0.1758,-0.0435,-0.0111,0.176,-0.0424,-0.0111,0.1808,-0.0445,-0.011,0.181,-0.0433,-0.0111,0.1858,-0.0455,-0.0109,0.186,-0.0445,-0.011,0.1907,-0.0468
,-0.0109,0.191,-0.0457,-0.011,0.1956,-0.048,-0.0109,0.1959,-0.0469,-0.011,0.2005,-0.0491,-0.0109,0.2008,-0.0481,-0.0111,0.2054,-0.0502,-0.011,0.2057,-0.0492,-0.0113,0.2103,-0.0514,-0.0109,0.2052,-0.0511,-0.0111,0.2101,-0.0523,-0.0112,0.2149,-0.0537,-0.0105,0.2099,-0.0531,-0.0106,0.2147,-0.0545,-0.0112,0.2149,-0.0537,-0.0112,0.2149,-0.0537,-0.0111,0.2101,-0.0523,-0.0107,0.2194,-0.0559
,-0.0113,0.2197,-0.0551,-0.0112,0.2149,-0.0537,-0.0112,0.2149,-0.0537,-0.0097,0.2145,-0.0551,-0.0098,0.2192,-0.0566,-0.0098,0.224,-0.0581,-0.0114,0.2245,-0.0566,-0.0113,0.2197,-0.0551,-0.0113,0.2197,-0.0551,-0.0081,0.2191,-0.0571,-0.0082,0.2238,-0.0587,-0.0082,0.2284,-0.0604,-0.0081,0.2144,-0.0557,-0.0079,0.2096,-0.0544,-0.0096,0.2097,-0.0538,-0.0094,0.2049,-0.0527,-0.0077,0.2048,-0.0534
,-0.0103,0.205,-0.052,-0.0093,0.2,-0.0516,-0.0102,0.2001,-0.0509,-0.0111,0.2101,-0.0523,-0.0109,0.2052,-0.0511,-0.0111,0.2101,-0.0523,-0.0108,0.2003,-0.0501,-0.0109,0.2052,-0.0511,-0.0102,0.1952,-0.0498,-0.0108,0.1954,-0.049,-0.0108,0.2003,-0.0501,-0.0108,0.2003,-0.0501,-0.0108,0.1954,-0.049,-0.0108,0.2003,-0.0501,-0.0108,0.2003,-0.0501,-0.0093,0.1901,-0.0495,-0.0093,0.195,-0.0506
,-0.0102,0.1903,-0.0487,-0.0108,0.1905,-0.0478,-0.0108,0.1855,-0.0466,-0.0102,0.1853,-0.0475,-0.0108,0.1954,-0.049,-0.0108,0.1905,-0.0478,-0.0108,0.1954,-0.049,-0.0108,0.1855,-0.0466,-0.0108,0.1905,-0.0478,-0.0108,0.1905,-0.0478,-0.0093,0.1802,-0.0473,-0.0093,0.1851,-0.0483,-0.0103,0.1803,-0.0465,-0.0109,0.1805,-0.0456,-0.0104,0.1753,-0.0456,-0.011,0.1756,-0.0446,-0.0109,0.1805,-0.0456
,-0.0109,0.1805,-0.0456,-0.0108,0.1855,-0.0466,-0.011,0.1756,-0.0446,-0.0109,0.1805,-0.0456,-0.0109,0.1805,-0.0456,-0.0096,0.1701,-0.0455,-0.0094,0.1752,-0.0464,-0.0106,0.1703,-0.0447,-0.0113,0.1705,-0.0437,-0.0114,0.1654,-0.0428,-0.0108,0.1652,-0.0438,-0.011,0.1756,-0.0446,-0.0113,0.1705,-0.0437,-0.011,0.1756,-0.0446,-0.0114,0.1654,-0.0428,-0.0113,0.1705,-0.0437,-0.0113,0.1705,-0.0437
,-0.0097,0.1599,-0.0439,-0.0097,0.165,-0.0447,-0.0108,0.16,-0.0429,-0.0115,0.1602,-0.0419,-0.0114,0.1551,-0.041,-0.0107,0.1549,-0.0421,-0.0115,0.1602,-0.0419,-0.0115,0.1602,-0.0419,-0.0114,0.1654,-0.0428,-0.0114,0.1551,-0.041,-0.0114,0.1551,-0.041,-0.0115,0.1602,-0.0419,-0.0106,0.1499,-0.0414,-0.0095,0.1498,-0.0423,-0.0096,0.1548,-0.043,-0.0112,0.15,-0.0402,-0.0105,0.1449,-0.0407
,-0.0112,0.145,-0.0396,-0.0112,0.15,-0.0402,-0.0112,0.15,-0.0402,-0.0114,0.1551,-0.041,-0.0112,0.145,-0.0396,-0.0112,0.15,-0.0402,-0.0112,0.15,-0.0402,-0.0095,0.1397,-0.0409,-0.0094,0.1447,-0.0416,-0.0106,0.1398,-0.04,-0.0112,0.14,-0.0389,-0.0107,0.1348,-0.0394,-0.0114,0.135,-0.0383,-0.0112,0.14,-0.0389,-0.0112,0.14,-0.0389,-0.0112,0.145,-0.0396,-0.0114,0.135,-0.0383
,-0.0112,0.14,-0.0389,-0.0112,0.14,-0.0389,-0.0099,0.1296,-0.0396,-0.0097,0.1346,-0.0403,-0.011,0.1297,-0.0388,-0.0117,0.1299,-0.0376,-0.0119,0.1247,-0.0369,-0.0112,0.1246,-0.0381,-0.0117,0.1299,-0.0376,-0.0114,0.135,-0.0383,-0.0117,0.1299,-0.0376,-0.0119,0.1247,-0.0369,-0.0119,0.1247,-0.0369,-0.0117,0.1299,-0.0376,-0.0113,0.1193,-0.0374,-0.0102,0.1192,-0.0383,-0.0101,0.1244,-0.039
,-0.012,0.1195,-0.0363,-0.0113,0.1141,-0.0368,-0.012,0.1142,-0.0357,-0.0119,0.1247,-0.0369,-0.012,0.1195,-0.0363,-0.0119,0.1247,-0.0369,-0.012,0.1142,-0.0357,-0.012,0.1142,-0.0357,-0.012,0.1195,-0.0363,-0.0114,0.1089,-0.0363,-0.0103,0.1088,-0.0373,-0.0102,0.1141,-0.0377,-0.0121,0.109,-0.0351,-0.0121,0.109,-0.0351,-0.0121,0.109,-0.0351,-0.012,0.1142,-0.0357,-0.0121,0.1036,-0.0345
,-0.0121,0.109,-0.0351,-0.0121,0.109,-0.0351,-0.0082,0.1088,-0.0382,-0.0082,0.114,-0.0386,-0.0083,0.1192,-0.0391,-0.0082,0.1243,-0.0397,-0.008,0.1294,-0.0403,-0.0078,0.1344,-0.041,-0.0077,0.1395,-0.0417,-0.0077,0.1446,-0.0423,-0.0077,0.1497,-0.043,-0.0078,0.1547,-0.0438,-0.0079,0.1598,-0.0447,-0.0079,0.1649,-0.0454,-0.0078,0.1699,-0.0462,-0.0077,0.175,-0.0471,-0.0076,0.18,-0.048
,-0.0076,0.185,-0.049,-0.0076,0.1899,-0.0501,-0.0077,0.1949,-0.0513,-0.0077,0.1998,-0.0523,-0.0117,0.0986,-0.0341,-0.0121,0.1036,-0.0345,-0.0121,0.1036,-0.0345,-0.0059,0.0894,-0.0327,-0.0059,0.0894,-0.0327,0,0.2273,-0.0499,-0.0043,0.2321,-0.0517,0,0.2324,-0.052,-0.0041,0.2372,-0.0538,0,0.2374,-0.054,-0.0039,0.2424,-0.0555,0,0.2424,-0.0563,-0.0037,0.2474,-0.0582
,0,0.2475,-0.0584,-0.0035,0.2522,-0.0609,0,0.2519,-0.0616,-0.0036,0.2566,-0.0641,0,0.2561,-0.065,-0.0071,0.252,-0.0598,-0.0075,0.2568,-0.0625,-0.0103,0.251,-0.0598,-0.0111,0.2559,-0.0619,-0.0122,0.2604,-0.0645,-0.0138,0.2545,-0.0624,-0.0152,0.259,-0.0646,-0.0164,0.2629,-0.0679,-0.0137,0.2641,-0.0678,-0.0177,0.2666,-0.0712,-0.0152,0.2675,-0.0711,-0.0119,0.2684,-0.0717
,-0.0166,0.2712,-0.0744,-0.0136,0.2718,-0.0748,-0.011,0.2715,-0.0762,-0.009,0.2682,-0.0735,-0.0093,0.2711,-0.0777,-0.0072,0.2677,-0.0751,-0.0085,0.2707,-0.0788,-0.0064,0.2672,-0.0763,-0.0041,0.2639,-0.0743,-0.006,0.2667,-0.0773,-0.0038,0.2634,-0.0754,-0.0062,0.2659,-0.0782,-0.004,0.2627,-0.0763,-0.0068,0.2651,-0.0789,-0.0044,0.2619,-0.0769,-0.0044,0.2619,-0.0769,-0.0044,0.2619,-0.0769
,-0.0082,0.2694,-0.0806,-0.0088,0.2685,-0.0812,-0.0088,0.2685,-0.0812,-0.0099,0.2678,-0.0816,-0.0068,0.2651,-0.0789,-0.0088,0.2685,-0.0812,-0.0068,0.2651,-0.0789,-0.0068,0.2651,-0.0789,-0.0088,0.2685,-0.0812,-0.0105,0.2717,-0.0838,-0.0116,0.271,-0.0842,-0.0132,0.2702,-0.0843,-0.0115,0.267,-0.0816,-0.0155,0.2695,-0.0841,-0.0139,0.2662,-0.0811,-0.0179,0.2692,-0.0836,-0.0168,0.2658,-0.0802
,-0.0197,0.2695,-0.0829,-0.019,0.266,-0.0792,-0.0177,0.2623,-0.0761,-0.0204,0.2666,-0.0783,-0.0192,0.2628,-0.075,-0.018,0.259,-0.0721,-0.0201,0.2636,-0.0738,-0.0189,0.2597,-0.0708,-0.0177,0.2556,-0.0682,-0.0189,0.2597,-0.0708,-0.0189,0.2607,-0.0695,-0.0177,0.2565,-0.0668,-0.0177,0.2556,-0.0682,-0.0189,0.2597,-0.0708,-0.0177,0.2556,-0.0682,-0.0162,0.2522,-0.0647,-0.0162,0.2514,-0.0662
,-0.0177,0.2556,-0.0682,-0.0149,0.2471,-0.0644,-0.0162,0.2514,-0.0662,-0.0162,0.2514,-0.0662,-0.0169,0.2577,-0.0655,-0.0156,0.2532,-0.0633,-0.0144,0.2486,-0.0617,-0.0129,0.2497,-0.0605,-0.0121,0.2447,-0.0593,-0.0099,0.2459,-0.0581,-0.0097,0.2408,-0.0567,-0.007,0.2469,-0.0576,-0.0071,0.2418,-0.0556,-0.0073,0.2366,-0.0539,-0.018,0.2618,-0.0685,-0.02,0.2646,-0.0727,-0.0192,0.2656,-0.0718
,-0.0214,0.2685,-0.0761,-0.0204,0.2695,-0.0752,-0.0189,0.2705,-0.0745,-0.0208,0.273,-0.0791,-0.0194,0.2738,-0.0783,-0.0175,0.2747,-0.0777,-0.0196,0.2775,-0.0815,-0.0178,0.2782,-0.0809,-0.0157,0.2785,-0.0809,-0.015,0.275,-0.0781,-0.0137,0.2781,-0.0819,-0.0127,0.2747,-0.0791,-0.0122,0.2777,-0.0828,-0.0111,0.2743,-0.0803,-0.0112,0.2772,-0.0838,-0.0102,0.2738,-0.0813,-0.0107,0.2765,-0.0847
,-0.0098,0.2732,-0.0822,-0.008,0.2701,-0.0798,-0.0099,0.2725,-0.0832,-0.0107,0.2758,-0.0857,-0.0114,0.275,-0.0865,-0.0105,0.2717,-0.0838,-0.0105,0.2717,-0.0838,-0.0105,0.2717,-0.0838,-0.0111,0.2796,-0.0884,-0.0118,0.279,-0.0893,-0.0114,0.275,-0.0865,-0.0118,0.279,-0.0893,-0.0129,0.2783,-0.09,-0.0125,0.2744,-0.087,-0.0114,0.275,-0.0865,-0.0114,0.275,-0.0865,-0.0145,0.2777,-0.0906
,-0.0142,0.2736,-0.0874,-0.0165,0.2773,-0.0909,-0.0162,0.2731,-0.0876,-0.0184,0.2772,-0.0908,-0.0181,0.273,-0.0875,-0.0202,0.2776,-0.0901,-0.0198,0.2734,-0.0869,-0.0214,0.2783,-0.089,-0.021,0.2741,-0.0859,-0.021,0.2702,-0.0821,-0.0216,0.2749,-0.0847,-0.0217,0.2711,-0.0811,-0.0214,0.2674,-0.0772,-0.0214,0.2674,-0.0772,-0.0217,0.2711,-0.0811,-0.0216,0.2721,-0.08,-0.0214,0.2674,-0.0772
,-0.0214,0.2674,-0.0772,-0.0201,0.2636,-0.0738,-0.0214,0.2674,-0.0772,-0.0217,0.2711,-0.0811,-0.0216,0.2749,-0.0847,-0.0216,0.2759,-0.0835,-0.0217,0.2711,-0.0811,-0.0209,0.2767,-0.0823,-0.022,0.2799,-0.0862,-0.0214,0.2807,-0.085,-0.02,0.2813,-0.0843,-0.0217,0.2848,-0.0875,-0.0204,0.2854,-0.0866,-0.0188,0.2859,-0.086,-0.0183,0.2818,-0.0839,-0.0168,0.2859,-0.0862,-0.0163,0.2822,-0.0838
,-0.0148,0.2857,-0.0869,-0.0143,0.282,-0.0844,-0.0132,0.2853,-0.0876,-0.0128,0.2814,-0.0854,-0.0119,0.285,-0.0884,-0.0117,0.2809,-0.0863,-0.0113,0.2844,-0.0895,-0.0111,0.2803,-0.0873,-0.0114,0.2838,-0.0907,-0.0117,0.2888,-0.0914,-0.0117,0.2882,-0.0926,-0.0123,0.2877,-0.0937,-0.0121,0.2832,-0.0918,-0.0121,0.2832,-0.0918,-0.0123,0.2877,-0.0937,-0.0134,0.2873,-0.0946,-0.0132,0.2826,-0.0927
,-0.0121,0.2832,-0.0918,-0.0118,0.279,-0.0893,-0.0118,0.279,-0.0893,-0.0121,0.2832,-0.0918,-0.015,0.287,-0.0953,-0.0149,0.2822,-0.0934,-0.0169,0.2869,-0.0957,-0.0169,0.2819,-0.0939,-0.0189,0.287,-0.0956,-0.0189,0.2819,-0.0937,-0.0206,0.2873,-0.0947,-0.0207,0.2822,-0.0929,-0.0218,0.2877,-0.0935,-0.0219,0.2828,-0.0916,-0.0223,0.2882,-0.0921,-0.0225,0.2835,-0.0902,-0.022,0.2791,-0.0876
,-0.022,0.2791,-0.0876,-0.0225,0.2835,-0.0902,-0.0224,0.2842,-0.0887,-0.022,0.2791,-0.0876,-0.0216,0.2749,-0.0847,-0.0216,0.2749,-0.0847,-0.022,0.2791,-0.0876,-0.0225,0.2835,-0.0902,-0.0223,0.2882,-0.0921,-0.0223,0.2882,-0.0921,-0.0223,0.2887,-0.0906,-0.0216,0.2892,-0.0895,-0.022,0.2932,-0.0921,-0.0214,0.2935,-0.091,-0.0202,0.2937,-0.0902,-0.0204,0.2896,-0.0886,-0.0188,0.2938,-0.0899
,-0.0189,0.2898,-0.0881,-0.0171,0.2939,-0.0897,-0.017,0.2899,-0.0882,-0.0153,0.2939,-0.09,-0.0151,0.2896,-0.0888,-0.0139,0.2938,-0.0908,-0.0136,0.2894,-0.0894,-0.0127,0.2936,-0.0917,-0.0124,0.2892,-0.0903,-0.012,0.2934,-0.0928,-0.0132,0.2983,-0.0928,-0.0125,0.2982,-0.0939,-0.0123,0.298,-0.0952,-0.0119,0.293,-0.0941,-0.0128,0.2977,-0.0964,-0.0125,0.2926,-0.0952,-0.0125,0.2926,-0.0952
,-0.0128,0.2977,-0.0964,-0.0138,0.2974,-0.0973,-0.0135,0.2923,-0.0961,-0.0125,0.2926,-0.0952,-0.0123,0.2877,-0.0937,-0.0123,0.2877,-0.0937,-0.0125,0.2926,-0.0952,-0.0151,0.2972,-0.0979,-0.0149,0.2921,-0.0967,-0.0168,0.2971,-0.0981,-0.0167,0.292,-0.097,-0.0187,0.2971,-0.0978,-0.0187,0.2921,-0.0967,-0.0203,0.2972,-0.0969,-0.0204,0.2923,-0.0959,-0.0213,0.2973,-0.0957,-0.0215,0.2926,-0.0947
,-0.0219,0.2975,-0.0945,-0.022,0.2929,-0.0934,-0.022,0.2929,-0.0934,-0.0219,0.2975,-0.0945,-0.022,0.2976,-0.0931,-0.022,0.2929,-0.0934,-0.0223,0.2882,-0.0921,-0.022,0.2929,-0.0934,-0.022,0.2929,-0.0934,-0.0219,0.2975,-0.0945,-0.022,0.302,-0.0948,-0.0221,0.302,-0.0936,-0.0219,0.2975,-0.0945,-0.0215,0.302,-0.0924,-0.0214,0.2978,-0.092,-0.0205,0.3021,-0.0914,-0.0203,0.298,-0.091
,-0.0192,0.3022,-0.091,-0.0189,0.2981,-0.0905,-0.0178,0.3024,-0.091,-0.0173,0.2981,-0.0906,-0.0163,0.3026,-0.0915,-0.0157,0.2982,-0.0912,-0.0151,0.3027,-0.0923,-0.0143,0.2983,-0.0918,-0.0142,0.3028,-0.0933,-0.016,0.3067,-0.0922,-0.0151,0.3068,-0.0932,-0.0145,0.307,-0.0941,-0.0135,0.3029,-0.0944,-0.0144,0.3071,-0.0952,-0.0133,0.3029,-0.0957,-0.0148,0.3072,-0.0962,-0.0138,0.3027,-0.0968
,-0.0156,0.3072,-0.097,-0.0147,0.3026,-0.0977,-0.0138,0.3027,-0.0968,-0.0138,0.3027,-0.0968,-0.0148,0.3072,-0.0962,-0.0138,0.3027,-0.0968,-0.0128,0.2977,-0.0964,-0.0138,0.3027,-0.0968,-0.0167,0.3072,-0.0973,-0.0159,0.3025,-0.0982,-0.018,0.307,-0.0973,-0.0174,0.3023,-0.0983,-0.0193,0.3069,-0.097,-0.019,0.3023,-0.0979,-0.0205,0.3067,-0.0963,-0.0205,0.3022,-0.0971,-0.0214,0.3065,-0.0954
,-0.0215,0.3021,-0.096,-0.0219,0.3064,-0.0943,-0.022,0.302,-0.0948,-0.022,0.302,-0.0948,-0.022,0.302,-0.0948,-0.022,0.302,-0.0948,-0.0215,0.3097,-0.0936,-0.0215,0.3097,-0.0936,-0.0216,0.3097,-0.0926,-0.0219,0.3063,-0.0932,-0.0219,0.3064,-0.0943,-0.0215,0.3097,-0.0936,-0.0219,0.3064,-0.0943,-0.0219,0.3064,-0.0943,-0.0215,0.3062,-0.0922,-0.0206,0.3061,-0.0916,-0.0195,0.3062,-0.0914
,-0.0184,0.3094,-0.0911,-0.0183,0.3064,-0.0913,-0.0174,0.3094,-0.0915,-0.017,0.3065,-0.0916,-0.0183,0.3113,-0.0914,-0.0174,0.3113,-0.0916,-0.0183,0.3126,-0.0916,-0.0174,0.3126,-0.0918,-0.0174,0.3132,-0.0924,-0.0165,0.3129,-0.0927,-0.0185,0.3133,-0.0923,-0.0186,0.3133,-0.0931,-0.0176,0.3133,-0.0932,-0.0176,0.3133,-0.0932,-0.0196,0.3129,-0.0923,-0.0197,0.3129,-0.0931,-0.0197,0.3129,-0.0931
,-0.0186,0.3128,-0.094,-0.0186,0.3133,-0.0931,-0.0197,0.3129,-0.0931,-0.0208,0.3117,-0.0923,-0.0208,0.3117,-0.0933,-0.0208,0.3117,-0.0933,-0.0197,0.3129,-0.0931,-0.0208,0.3117,-0.0933,-0.0208,0.3117,-0.0933,-0.0215,0.3097,-0.0936,-0.0185,0.3119,-0.095,-0.0186,0.3133,-0.0931,-0.0172,0.3103,-0.0961,-0.0183,0.3101,-0.0961,-0.0162,0.3103,-0.0958,-0.0148,0.3072,-0.0962,-0.0148,0.3072,-0.0962
,-0.0154,0.3103,-0.0952,-0.0154,0.3103,-0.0952,-0.015,0.3101,-0.0944,-0.0154,0.3103,-0.0952,-0.0157,0.312,-0.0935,-0.016,0.3122,-0.0942,-0.016,0.3122,-0.0942,-0.0154,0.3103,-0.0952,-0.0167,0.313,-0.0935,-0.0167,0.313,-0.0935,-0.016,0.3122,-0.0942,-0.0176,0.3133,-0.0932,-0.0176,0.3133,-0.0932,-0.0167,0.313,-0.0935,-0.0189,0.2597,-0.0708,-0.0201,0.2636,-0.0738,-0.0201,0.2636,-0.0738
,0.007,0.0924,-0.0361,0.0077,0.0917,-0.0349,0.0096,0.0945,-0.0354,0.0082,0.0948,-0.0366,0.0053,0.0916,-0.0365,0.0054,0.09,-0.0347,0.0061,0.0948,-0.0375,0.0082,0.0939,-0.027,0.009,0.0962,-0.0269,0.0104,0.0957,-0.0284,0.0088,0.093,-0.0282,0.0064,0.0931,-0.0264,0.0068,0.0962,-0.0258,0.0064,0.0911,-0.0277,0.0028,0.2546,-0.074,0.0037,0.2571,-0.0751,0.0051,0.2515,-0.0725
